-5.899971524952779545e-02
-1.545708157538361327e-02
2.627546588718860932e-01
-2.065429620417200685e-01
-2.857814387810940493e-02
-1.052283188111027695e-01
7.523465194249620569e-02
4.756208805241391446e-01
4.980195179793243665e-01
1.301104497388232417e-01
4.331006600280071228e-01
-8.893983661494996307e-01
2.896128571906073090e-01
-3.034444530731328360e-01
1.351634959714253549e-02
2.777166248295088180e-01
1.057603142117860273e-01
6.295495439634081203e-01
4.147686417576222362e-01
-3.922488666073334351e-01
6.892787579639132467e-01
1.872022499882589064e-01
-2.716339817456538824e-02
1.495724441974478625e-01
-2.723004481041724767e-01
-4.602914432616105889e-01
-1.806736969467130360e-01
2.144971318298219964e-01
-3.377939179557364890e-01
3.258278396732325888e-01
-3.816468346350378460e-01
-4.053436153049388979e-01
-5.566644315829587519e-01
-3.440994201491082705e-01
2.268775280580686560e-01
1.526093645880111926e-01
2.743139285731903132e-01
1.171625295919098697e-01
3.921527154081714817e-01
9.139300804924692379e-03
3.239234008845111035e-01
-6.292356575916296935e-02
5.036469114933048719e-01
-3.325925657392130030e-02
-4.974820630055946935e-02
1.839792929418372358e-01
-5.378909959485795866e-01
2.051889243363712589e-01
5.965648275226713704e-01
4.236241635108862758e-01
-2.917989176232669846e-01
2.279646556849173611e-01
2.494107320177854914e-01
-7.491072409958607348e-02
-1.197102026245151080e-01
-1.191078889878956770e-01
5.022157777096469822e-04
6.472491109695995837e-01
4.935671467141715674e-01
-1.674959389085585726e-01
-2.013313818125392896e-01
3.005187594279328245e-01
3.241485473623439417e-01
3.031985790922696322e-02
2.371043279917995072e-01
-2.133981848438759044e-01
4.529419411456179212e-01
3.990194774180929049e-01
-3.901789068020974360e-01
1.133822762626099726e-02
-2.265414024565901296e-01
-1.643186968183696361e-01
-1.233442504059694134e-01
-3.630425531787908056e-01
-1.944252113814005922e-01
-9.698695337061208344e-02
3.181153690706056691e-01
-1.882445976590202963e-01
-3.981426962042036166e-01
3.922366697166547178e-01
-1.911213349483510959e-01
-1.923954699135920973e-02
2.101451026087222118e-01
8.940942344994094737e-02
5.177716543130286286e-01
-6.597142203426776819e-01
-5.916066754718717347e-01
-1.447431198970238753e-01
-4.293821755057221634e-01
-2.399972295482356299e-01
-2.707390169782231126e-01
-4.071284258176613990e-01
3.563360387739195057e-01
2.457874661046228204e-01
-6.124902124750581933e-01
-4.407789632125437562e-02
-4.999646682107429241e-01
1.459600155260882826e-01
-3.503278581547756287e-01
-5.746274916232324559e-01
2.981392010377822976e-01
4.036262674216525848e-02
5.661316030143519473e-01
-4.641634494466919669e-01
1.089600543156259427e-01
1.672182312675202231e-01
-4.846430624574270540e-01
1.124529758717357497e-02
-3.737273564094605871e-01
1.852365022444678044e-01
3.713920101693914955e-01
2.337297613940099161e-01
3.655194519006039755e-01
2.757365996673111219e-02
-3.679726234861101508e-01
6.067203447213690565e-02
9.895719930212438786e-01
5.641658098116023035e-02
-5.602178386831599965e-01
-1.242061632656515230e-01
-3.252513330429919469e-02
-5.963355500618626737e-01
3.351507693043763725e-01
-1.896902488436205125e-01
-2.262846440519342972e-01
-4.640325618415878095e-01
4.746937166905111360e-01
-4.207232785922099261e-01
3.674639154439199862e-01
-4.364209825441434654e-01
2.729992380169433130e-01
2.737813439770378499e-01
-4.045879120721327382e-01
-3.632755173260143189e-01
1.849777596524579404e-01
2.285311221505507695e-01
-1.715752481668197937e-01
-2.607032323741954594e-01
1.048780480253788949e-01
-2.054419091999486191e-01
-1.072870934703574683e-02
3.076228906494238857e-01
5.416664443364482828e-01
-4.898019189680593577e-01
3.960164732737954107e-01
-3.171919115277273549e-01
6.377705775320174908e-01
-5.502620849400233771e-01
-1.518082964274965474e-01
5.411437498241736255e-02
2.000175804831674231e-01
2.901998543956684634e-02
1.359864143049487606e-01
-1.487149068405782815e-01
4.784718022476620591e-01
2.787546990191704377e-01
3.050307167698336763e-01
1.015463679520702683e-02
-6.031912913514078101e-01
-6.733201759855411694e-01
-3.542852228667994763e-01
-9.492200028885952601e-02
-2.232588519701296237e-01
9.452351286460860535e-01
-8.492422918818666455e-02
7.070828040414833815e-02
1.951366959050611360e-01
1.024459525090350327e-02
3.738424947988348013e-01
-1.990136325037387133e-01
3.497277542199088707e-01
7.177136014923546359e-02
1.882367258924837472e-01
-3.668983604528406883e-01
7.177289758997792979e-02
5.896310588014979093e-01
-4.611607908690210089e-01
-3.234050130369170994e-01
-1.699403059069688054e-02
2.482920419428849834e-01
5.062660375442247229e-01
-4.052025816838732419e-01
-8.476837794291744999e-01
-4.589879710126625878e-01
-1.099236625378799542e-01
3.369803900214226600e-01
-3.848063208506286026e-01
-3.003461526476515764e-01
2.830437198826336043e-01
-1.322974136948924240e-01
2.940912062903819346e-01
3.618058531068052419e-01
-2.834118467128649010e-01
-7.894830769858782182e-02
1.268719285294315213e-01
1.834387510768960006e-01
3.200394449242288664e-01
1.866085809681788110e-01
2.106126388511104230e-01
-2.828405311622573248e-01
3.992261664300816165e-02
-6.221949378201455799e-02
4.296159189050637872e-01
-4.553371818431856122e-02
-2.843638944149492476e-01
5.524316061659451105e-01
-1.290206653391246655e-02
-9.437234240178928035e-02
5.873005310252353839e-01
3.329438312954273171e-01
-1.003274971765578255e-01
-4.271680310465938296e-02
-1.271886171420525957e-01
-6.385027697069438346e-02
6.884819719722534703e-02
-1.892029361821208622e-01
5.304833820545239442e-01
-8.231083527070344116e-03
3.788248174047889050e-01
8.506761757500502785e-02
7.375360039709129012e-01
-5.564347947244034920e-01
-2.456154829003380224e-01
4.120218664809305875e-01
-6.459507161068059333e-02
-2.019578587857163293e-02
2.202487182512860853e-01
1.581887281812376922e-01
3.036171226906975162e-01
3.663222588233933097e-01
2.854185911810755982e-01
-2.291766659785956506e-01
-2.519428510631210871e-02
-4.026637432355620883e-01
5.449294523552161706e-01
2.416416793833587595e-01
3.311760275641065232e-01
2.729902560541481657e-02
-3.500004624871451420e-02
4.088674929297788641e-01
9.706284397711559264e-02
-5.718978387088402560e-01
1.445153801385057890e-01
-2.193049546573611341e-01
1.675344920671777427e-01
-1.682066635293624768e-01
-1.580822515043063536e-01
2.091524198149700142e-01
-2.009612068892535630e-01
8.835330683336534152e-02
-2.273623002247693869e-01
3.395809561331452064e-01
2.917364621049017837e-01
-2.107349895914849003e-01
-3.404753933618888118e-01
-4.118217624040354519e-01
-1.415556740402713065e-01
1.564044733309882251e-01
-2.685358246216010270e-01
3.490261430497444417e-01
-8.725219599944225579e-02
-4.225521985711374606e-01
3.902778323114982073e-01
3.274625993044558703e-01
2.969254175030313636e-01